7,12
63180.187500,90243.492188,95750.828125,78281.953125,20429.955078,19211.222656,14647.027344,7006.895020,12180.930664,11335.989258,25290.025391,93389.796875
36361.515625,8928.018555,11821.996094,8373.578125,87783.242188,86747.875000,34891.714844,46620.273438,86417.156250,38065.863281,111700.171875,97027.304688
9173.173828,48721.007812,56938.835938,109398.343750,68815.210938,30655.714844,44684.972656,8538.695312,120899.203125,16979.101562,86820.648438,17872.462891
36190.324219,101467.679688,24879.357422,48371.257812,112803.664062,50169.382812,18304.355469,25708.484375,59097.402344,30126.353516,34082.062500,23423.941406
116874.234375,68973.773438,70044.210938,79834.687500,107039.632812,58287.683594,53405.292969,116212.812500,107008.695312,110344.132812,102154.453125,52367.207031
17543.146484,23382.728516,60905.902344,14985.652344,40361.828125,24269.853516,32858.113281,76552.156250,2280.831787,57737.476562,1466.708496,115084.500000
107906.859375,19771.064453,17336.281250,43547.558594,49897.417969,51418.343750,66971.500000,43314.945312,120392.117188,13559.014648,123149.632812,103975.054688

12,7
71846.703125,53098.230469,96731.156250,55398.695312,39985.660156,75428.914062,107765.906250
57528.804688,98811.648438,45215.105469,72514.460938,15716.773438,69484.960938,105372.578125
92268.921875,71765.796875,39653.347656,93735.632812,63393.593750,24103.503906,113506.695312
80729.867188,67651.062500,39947.414062,8691.515625,11165.864258,83262.367188,5626.931152
24724.878906,82955.296875,109601.976562,96571.578125,12596.827148,82876.445312,28513.578125
52582.488281,34848.656250,12822.780273,110111.289062,10203.601562,58037.886719,59169.046875
25920.375000,4066.146240,41084.921875,118189.304688,75831.937500,80738.265625,88468.234375
15768.829102,104841.773438,78518.226562,96498.703125,49036.140625,118465.648438,105190.218750
60202.000000,78271.312500,110817.148438,84926.882812,37769.914062,96962.429688,58041.761719
50366.742188,56382.171875,86555.335938,102949.226562,91230.835938,99378.117188,89603.820312
101434.429688,33959.304688,25316.164062,3898.104492,38025.453125,66401.085938,122087.406250
113857.390625,23682.654297,87098.937500,6169.520020,5067.728516,42160.468750,102668.218750

9,11
84401.742188,114305.867188,115440.734375,71762.187500,75776.046875,29753.945312,45267.917969,10361.112305,80120.687500,101650.085938,96916.445312
59613.214844,69424.218750,72837.875000,25760.332031,47401.945312,106797.179688,51076.496094,51300.050781,21365.931641,117477.585938,49930.757812
11766.623047,17703.537109,13572.993164,17936.142578,22771.265625,55733.460938,120604.359375,76875.132812,92902.882812,81549.406250,67724.296875
84886.914062,29854.890625,20043.650391,114640.859375,75122.804688,30404.761719,71304.851562,53316.195312,3864.513184,7461.362793,122740.406250
76702.390625,33221.695312,46685.656250,60042.863281,84298.195312,97985.710938,81408.796875,78319.078125,24459.763672,93175.421875,96022.617188
38032.757812,111111.562500,118793.875000,93766.218750,108259.226562,72212.312500,63212.402344,66351.929688,16479.910156,24642.617188,96206.820312
36523.558594,15826.778320,47872.929688,66928.320312,87131.625000,101189.117188,70792.835938,94592.984375,100472.835938,24038.519531,4357.984863
23701.789062,84081.382812,88656.179688,121687.492188,42033.480469,43518.550781,22690.562500,11752.201172,16084.465820,60723.320312,122863.765625
11421.643555,31032.841797,107666.296875,83633.953125,94245.242188,50561.527344,100113.859375,118887.859375,23311.648438,13180.722656,11257.939453

11,9
71184.578125,80109.039062,98389.562500,48917.000000,27445.175781,69525.851562,25933.130859,51483.695312,73883.843750
49634.917969,12108.378906,39083.320312,47865.718750,54141.859375,82601.875000,70556.273438,65894.062500,98686.335938
7822.900879,65301.125000,110107.976562,38855.742188,49510.718750,70285.234375,9644.284180,100072.250000,46942.398438
5075.444824,123383.890625,60123.121094,16333.384766,71111.773438,16775.462891,114722.945312,120028.773438,44220.640625
60792.105469,22505.201172,95704.335938,11219.247070,72140.117188,107812.710938,50302.566406,120005.835938,38497.867188
9447.736328,67105.421875,104391.929688,108134.070312,74928.320312,46236.355469,94785.359375,113784.054688,95747.078125
41613.886719,123428.343750,72362.617188,88556.289062,5047.090332,72289.820312,25222.703125,21380.474609,19944.890625
41998.164062,12646.723633,16516.960938,86218.804688,73438.828125,39022.160156,58466.437500,84658.078125,111162.281250
42822.449219,11503.943359,107711.421875,81320.312500,20951.679688,51360.140625,62255.550781,5629.053711,2831.761719
108491.906250,100414.406250,116615.820312,80782.281250,18571.591797,116587.468750,29688.203125,107127.875000,121634.554688
101978.023438,8893.878906,19558.333984,121922.914062,50892.042969,32205.058594,14983.173828,13654.146484,105643.890625

8,4
66845.265625,41710.917969,114943.031250,78349.210938
25965.640625,72806.648438,99300.890625,77325.781250
11605.489258,104929.945312,80157.539062,120097.390625
81887.648438,73316.671875,77422.968750,100459.242188
66447.437500,107111.171875,84130.414062,64625.296875
85632.500000,93024.296875,84183.625000,84098.710938
20459.638672,116388.679688,99081.890625,34113.785156
98575.867188,29630.525391,106234.359375,41964.437500

4,8
71341.445312,97720.695312,120313.648438,97307.078125,47070.636719,96157.835938,51176.164062,58676.125000
77631.078125,7877.008301,55316.820312,36062.031250,81193.671875,9283.090820,13064.571289,24184.408203
116394.265625,97194.984375,88809.703125,78570.070312,66762.585938,49536.628906,39212.085938,87222.226562
42468.617188,14837.273438,121336.007812,17587.789062,44467.800781,104113.671875,59552.226562,115809.242188

2,13
89659.625000,1991.601318,29110.310547,17379.087891,60667.726562,106741.390625,25256.095703,115984.539062,19346.720703,106449.773438,1810.934937,32411.292969,7177.480469
118205.203125,6149.580566,95987.187500,73318.578125,72912.156250,22067.115234,112530.664062,36677.683594,64535.734375,3911.232422,34556.992188,82123.523438,48379.031250

13,2
15213.963867,18219.046875
40731.570312,93591.632812
74628.218750,6934.494141
95583.234375,103738.531250
24313.582031,32794.257812
87023.226562,49569.675781
25322.099609,106369.945312
32562.748047,27133.035156
15324.537109,39740.230469
21881.539062,21474.117188
12270.713867,95200.117188
94386.281250,34337.828125
84274.070312,7607.265625

11,9
42164.257812,57540.378906,13107.634766,57378.222656,75759.429688,53839.207031,27513.150391,26930.947266,60773.703125
123096.382812,7212.778320,85087.281250,32433.939453,94236.000000,11200.260742,57756.039062,77149.242188,43763.011719
84889.070312,92473.789062,83503.242188,106770.609375,113947.898438,95773.953125,78514.031250,84877.484375,6655.083496
39331.402344,92484.742188,105528.640625,4060.006592,11192.303711,39612.324219,17167.640625,68570.523438,115371.750000
71006.843750,96083.679688,18845.996094,8323.846680,95723.359375,26058.775391,93411.132812,4700.596680,120294.781250
104611.390625,62456.636719,73987.320312,24917.699219,23889.011719,43004.406250,108420.937500,7202.924316,33495.609375
80738.195312,85716.953125,118373.085938,87393.281250,1591.653809,87401.132812,69465.226562,5651.660645,98593.437500
109077.546875,22819.300781,43707.261719,100992.593750,93826.148438,16334.240234,119838.593750,102150.000000,112057.601562
22440.666016,72104.421875,116758.195312,19278.744141,53259.113281,55758.132812,93266.062500,78176.812500,79647.140625
12813.772461,63141.050781,86850.062500,46309.378906,20422.550781,49110.316406,41225.765625,107815.828125,50701.972656
5170.198730,53824.351562,56353.632812,103763.632812,39445.199219,79172.929688,24014.199219,16981.095703,49542.382812

9,11
40348.441406,13362.986328,28235.677734,28949.337891,35803.652344,100340.101562,22250.832031,55082.398438,30142.515625,78008.960938,24891.761719
108319.328125,34199.406250,37705.535156,48003.683594,121049.468750,84014.914062,68426.234375,46703.085938,1783.978760,52785.363281,97405.062500
6954.177734,106609.718750,30301.992188,110717.812500,22598.214844,109474.921875,11275.314453,39579.308594,35560.609375,51623.753906,52942.296875
63796.285156,80573.085938,88745.945312,40679.687500,102823.929688,20371.644531,70822.203125,57376.187500,45263.406250,55684.835938,91575.585938
82968.945312,103688.515625,89168.359375,43527.152344,48658.054688,12414.747070,45311.132812,101443.421875,109819.804688,52265.308594,84596.437500
16665.097656,39526.421875,107194.648438,2683.322754,50801.738281,23317.259766,38243.929688,102425.492188,76259.554688,102040.218750,59541.882812
41548.800781,19263.207031,38909.105469,61920.445312,90085.406250,96285.296875,107183.851562,22313.544922,64404.183594,66696.093750,2545.366455
30115.845703,110223.250000,51203.421875,42530.589844,32077.679688,29190.140625,28893.699219,84342.992188,113786.578125,45558.796875,412.714020
97524.523438,48242.117188,51214.453125,120841.789062,86486.046875,30183.244141,73644.640625,65069.562500,89725.125000,115193.445312,84332.773438

7,3
50961.480469,101462.820312,37384.339844
73275.023438,42410.312500,104080.429688
75820.390625,72526.156250,90846.976562
3567.115967,115056.750000,122924.656250
32757.257812,20493.746094,83810.953125
23087.134766,66052.539062,84223.664062
120611.664062,114294.656250,11981.414062

4,7
117996.750000,77324.007812,42164.660156,68184.687500,18936.873047,8433.084961,59921.425781
103269.640625,13610.619141,113578.617188,30774.425781,115073.445312,27506.253906,104049.453125
34027.054688,8129.986816,56413.144531,106553.210938,98976.968750,59980.265625,98153.257812
98444.921875,92737.515625,118647.000000,58799.171875,115824.656250,61242.839844,19566.134766

2,7
31547.548828,107519.656250,5948.108887,73712.210938,52247.644531,24884.982422,82145.296875
112169.078125,4697.926758,95755.914062,102290.992188,35472.355469,87372.656250,6340.541992

7,2
16065.106445,121399.710938
14470.528320,72478.250000
104496.218750,113447.492188
9001.819336,79192.781250
88435.710938,101739.335938
74383.085938,23778.191406
94107.296875,12169.222656

8,12
64250.023438,74891.875000,67693.171875,70198.132812,25147.378906,119940.812500,95083.117188,107292.671875,108653.187500,99781.039062,79591.875000,87487.476562
11796.693359,43507.835938,93828.023438,27861.798828,41450.851562,108298.554688,100340.054688,22490.371094,98289.351562,109341.875000,101683.148438,63268.363281
87624.507812,52609.531250,87046.554688,58275.109375,64778.750000,6934.177246,18448.619141,5572.075684,81826.046875,86141.789062,75770.210938,106973.429688
82625.914062,47396.621094,90809.398438,67822.406250,23720.962891,46944.582031,31853.185547,35517.656250,90452.421875,2224.510010,63379.457031,8446.566406
110523.062500,40262.808594,30936.937500,85355.710938,26147.982422,9163.384766,25167.371094,113772.500000,61772.914062,112213.921875,48590.902344,3094.966309
119148.101562,67039.523438,8667.042969,77517.453125,29724.615234,84437.250000,61034.179688,112350.531250,8377.171875,28386.878906,56716.230469,32098.132812
75331.460938,88569.421875,67615.789062,42327.175781,90793.929688,7538.545410,50773.742188,77860.289062,47801.355469,81710.671875,39759.296875,73949.335938
90874.062500,64926.667969,64265.128906,29190.277344,53683.890625,112856.039062,32285.244141,49375.296875,56438.859375,40952.285156,3436.046631,86163.476562

12,8
1932.836060,64470.226562,75057.296875,10310.008789,92857.101562,8316.833984,42408.144531,44731.863281
96886.257812,110023.937500,87059.039062,64223.480469,117562.476562,14376.083008,18627.072266,41907.132812
96086.757812,58386.367188,115856.476562,63504.125000,123313.039062,56664.902344,92694.406250,53540.230469
46064.238281,1522.944946,102915.523438,102503.101562,42475.230469,106351.570312,65209.875000,44408.066406
47365.097656,16810.476562,54718.078125,16765.503906,25127.310547,97126.218750,61497.367188,122013.562500
83693.445312,25099.707031,62780.347656,77799.226562,39475.789062,81407.421875,119706.367188,12105.850586
16337.087891,112106.132812,75609.976562,16193.425781,45314.335938,44847.675781,69733.656250,91378.578125
46370.621094,49192.484375,70424.968750,88845.851562,32087.357422,12178.148438,9797.218750,79452.453125
28988.626953,64515.292969,96217.960938,54115.937500,38184.812500,34258.632812,52672.804688,121878.257812
59358.339844,115453.148438,76220.789062,98834.125000,73403.867188,72470.453125,110939.976562,89740.953125
61119.882812,63093.250000,105934.382812,106434.210938,107940.929688,52211.343750,74356.093750,30854.847656
101403.820312,21324.365234,119700.695312,10034.484375,33502.515625,6041.217773,89486.937500,62491.140625

1,1
116607.078125

1,1
108741.328125

5,13
107162.882812,32408.470703,37819.632812,59926.968750,7785.897949,111223.492188,8940.720703,118725.875000,77507.757812,70060.601562,58362.425781,59985.437500,53038.121094
42846.652344,112196.773438,3937.509766,73701.500000,90143.898438,25261.875000,69945.507812,100178.390625,58764.390625,75986.718750,66208.632812,121255.523438,23086.531250
5000.131836,114405.906250,8371.152344,101506.968750,36772.386719,115534.031250,10458.736328,74592.015625,52004.304688,18244.632812,62358.812500,60945.023438,13513.809570
16409.863281,7548.927246,71876.242188,76395.296875,60587.046875,114722.890625,65135.378906,64524.554688,64967.699219,31822.580078,89786.429688,11456.499023,8544.264648
25094.121094,87443.218750,74752.890625,22892.947266,110529.750000,79753.023438,13842.152344,118900.906250,57803.292969,50614.535156,110978.242188,68262.031250,1749.849609

13,5
39525.843750,86506.656250,64108.664062,100470.867188,100020.468750
80518.523438,108019.789062,48440.007812,33457.125000,45150.144531
39706.203125,98592.500000,109674.695312,104673.898438,6958.381348
76004.429688,116130.398438,15502.645508,101098.546875,80116.914062
90255.539062,534.795959,67189.968750,46551.863281,14376.948242
62634.171875,104355.156250,64991.480469,50155.710938,49160.476562
66741.335938,89681.554688,12210.438477,7393.294434,66695.726562
112230.906250,87911.820312,51258.816406,37214.218750,121368.945312
96408.953125,76920.421875,96504.750000,82626.960938,58137.617188
103463.132812,35174.683594,50811.316406,118965.773438,12816.534180
7471.530273,85764.609375,13351.330078,74661.500000,8859.775391
27728.277344,13838.970703,113214.929688,92719.765625,63994.679688
38918.703125,36004.394531,30219.535156,51129.144531,43397.691406